{
 "cells": [
  {
   "cell_type": "code",
   "execution_count": 1,
   "id": "0d1ed0ce-1c9f-48ce-9716-201422989dc1",
   "metadata": {},
   "outputs": [],
   "source": [
    "import numpy as np\n",
    "from numpy import linalg\n"
   ]
  },
  {
   "cell_type": "markdown",
   "id": "ab85fde9-a7e7-4bc3-8a6b-4632067345e9",
   "metadata": {},
   "source": [
    "## Задача 1."
   ]
  },
  {
   "cell_type": "markdown",
   "id": "ae7be77b-4aa1-4b00-acef-16d74ea83ad8",
   "metadata": {},
   "source": [
    "Найти с помощью NumPy SVD для матрицы\n",
    "\n",
    "$$\\begin{pmatrix}\n",
    "1 & 2 & 0\\\\ \n",
    "0 & 0 & 5\\\\ \n",
    "3 & -4 & 2\\\\ \n",
    "1 & 6 & 5\\\\ \n",
    "0 & 1 & 0\n",
    "\\end{pmatrix}.$$\n"
   ]
  },
  {
   "cell_type": "markdown",
   "id": "275a2858-cf91-47cd-8445-87516af285b4",
   "metadata": {},
   "source": [
    "#### Решение"
   ]
  },
  {
   "cell_type": "code",
   "execution_count": 2,
   "id": "2d6cadb5-fee4-4260-b1e9-005629532325",
   "metadata": {},
   "outputs": [
    {
     "name": "stdout",
     "output_type": "stream",
     "text": [
      "[[ 0.17056501  0.15680918 -0.53077508 -0.79905375 -0.16158397]\n",
      " [ 0.39287016 -0.52933945  0.6134793  -0.43375771  0.03082495]\n",
      " [-0.14366152 -0.82449256 -0.52379105  0.14049848  0.07400343]\n",
      " [ 0.88843702  0.06074346 -0.24655277  0.37755832 -0.06042632]\n",
      " [ 0.08125046  0.10831843 -0.08231425 -0.10524851  0.98173958]] \n",
      "\n",
      " [[ 0.07116451 -0.36737824 -0.92734505]\n",
      " [ 0.71702467  0.66514082 -0.20847855]\n",
      " [ 0.69340553 -0.65009301  0.31075368]] \n",
      "\n",
      " [[8.82486885 0.         0.        ]\n",
      " [0.         6.14060608 0.        ]\n",
      " [0.         0.         2.53271528]\n",
      " [0.         0.         0.        ]\n",
      " [0.         0.         0.        ]]\n"
     ]
    }
   ],
   "source": [
    "A = np.array([[1, 2, 0], [0, 0, 5], [3, -4, 2], [1, 6, 5], [0, 1, 0]])\n",
    "U, s, W = np.linalg.svd(A)\n",
    "V = W.T\n",
    "D = np.zeros_like(A, dtype=float)\n",
    "D[np.diag_indices(min(A.shape))] = s\n",
    "print(U,\"\\n\\n\",V,\"\\n\\n\",D)"
   ]
  },
  {
   "cell_type": "markdown",
   "id": "8356f4f3-f35b-424e-b83c-9bb31b69c373",
   "metadata": {},
   "source": [
    "## Задача 2."
   ]
  },
  {
   "cell_type": "markdown",
   "id": "a6026729-dd97-4238-b2de-64360d4d9f7c",
   "metadata": {},
   "source": [
    "Для матрицы из предыдущего задания найти:\n",
    "\n",
    "    а) евклидову норму;\n",
    "    \n",
    "    б) норму Фробениуса."
   ]
  },
  {
   "cell_type": "markdown",
   "id": "708959db-6e5c-4175-832a-a96290d925b6",
   "metadata": {},
   "source": [
    "#### Решение"
   ]
  },
  {
   "cell_type": "markdown",
   "id": "2845d275-5d17-43f3-a11b-cce4d11902cd",
   "metadata": {},
   "source": [
    "a)"
   ]
  },
  {
   "cell_type": "code",
   "execution_count": 3,
   "id": "214ad21e-1055-4492-8d78-08a1727379ce",
   "metadata": {},
   "outputs": [
    {
     "name": "stdout",
     "output_type": "stream",
     "text": [
      "8.824868854820444\n"
     ]
    }
   ],
   "source": [
    "print(D[0][0])"
   ]
  },
  {
   "cell_type": "markdown",
   "id": "899ecfb4-6f2d-4190-93ee-8667ac1e4cdf",
   "metadata": {},
   "source": [
    "б)"
   ]
  },
  {
   "cell_type": "code",
   "execution_count": 4,
   "id": "2cb7490b-56c9-4041-bd57-1df3e93a85d1",
   "metadata": {},
   "outputs": [
    {
     "name": "stdout",
     "output_type": "stream",
     "text": [
      "11.045361017187261\n"
     ]
    }
   ],
   "source": [
    "print(np.linalg.norm(A, ord='fro'))"
   ]
  },
  {
   "cell_type": "code",
   "execution_count": null,
   "id": "433ba8b6-ece6-410c-8b92-0114c7425447",
   "metadata": {},
   "outputs": [],
   "source": []
  }
 ],
 "metadata": {
  "kernelspec": {
   "display_name": "Python 3",
   "language": "python",
   "name": "python3"
  },
  "language_info": {
   "codemirror_mode": {
    "name": "ipython",
    "version": 3
   },
   "file_extension": ".py",
   "mimetype": "text/x-python",
   "name": "python",
   "nbconvert_exporter": "python",
   "pygments_lexer": "ipython3",
   "version": "3.9.4"
  }
 },
 "nbformat": 4,
 "nbformat_minor": 5
}
